10858083708
50681325737
50241126491
50560718078
50322526242
10647969083
10713163971
10812373659
10939270028
10213956539
10409761719
10552561598
10250567225
10674183251
10301566521
10483169377
10966366348
50872624627
50927321836
50126822569
50387723197
10769172773
10661670443
10334473330
10516655381
50782927071
10468969072
10995777447
10696464725
10527972882
10457380308
10966959930
10758662604
10100667410
10396662236
10566586832
10178578148
50832127186
50196624564
10382264089
50688522762
10462075009
10406074232
10435358998
50131422714
50485223390
50251918186
50804022085
50442119790
50104624099
50688325873
50858321590
50113828194
10722674777
10592269681
10490869449
10516457583
10524270622
10215274986
10481877304
10640075609
10933551698
10490361698
10764066397
10108468831
50835719453
10536360854
10828462935
50523822323
10117566089
10734868789
10671778025
10360858156
10137972748
10500154629
10476272918
10791375884
50701327619
50564218165
50388515448
10306663084
10139958908
10676460823
10102053424
50964321735
10988762312
10738965772
10516167519
10994963582
10835064959
50997326591
50948927646
50335329687
50563227005
50279117915
10272870072
10754968117
10680859062
10341071990
10771870574
10177776521
10358661578
10575666384
10173979534
10716267818
10356571124
10915365314
10384474266
10384474160
10601962078
10310369008
10315071008
10973764507
10902074541
10416771086
10309162823
10269082400
50665531872
10498376571
50857620830
50528917647
10165078390
10399571807
10217767597
10161580935
10291262550
10789762891
10914671509
10177687783
10674672237
50731522701
50604925539
50839417452
10951375928
10855562502
10868463683
10537873708
10320374808
10338372799
10788674760
10149975817
10741163429
10351758982
10438279515
10464080868
10531872994
10773481333
10805064073
10680775958
10936675839
10853675239
10596573287
10447569573
10346886523
10436959742
10327577181
10629881995
10484173661
10833473171
10206157083
10913669422
10541971097
10916279199
10341672155
10680970649
10707572953
10675277479
10185873041
10828465986
10297777388
10885965156
10412569365
10286770530
10337059895
10106171947
10328864835
10947278703
10257170418
10399755140
10541680490
10510585898
10569666827
10717670889
10993978942
10704182423
10932061036
10629269469
10320374915
10923674126
10180964776
10628779259
10647776221
10674066336
10610878739
10557070397
10976471979
10877869752
10582559569
10862562345
10634965408
10178882172
10836261307
10191181547
10731874502
10686773445
10154681384
10828266034
10400069642
10924381563
10691160480
10721770766
10481277600
10662872272
10771977694
10919378629
10394360232
10459762071
10201169446
10471667766
10174280306
10812466624
10935368522
10491075168
10132760649
10151866614
10819659263
10602371742
10842265613
10650678291
10380768864
10784759616
10231172285
10163865243
10698269960
10703466544
10568065826
10309767392
10371367310
10212271235
10873967010
10583674406
50435224889
50817025078
50675114067
50237520342
50695214174
50485320939
50982432347
50698720554
50393522178
50973321455
50750417271
50530021273
50655818050
50558725424
50146920680
50763322096
50327324489
50723123304
50981520006
50924419465
50764424052
50744718781
50893421910
50592422490
10219267263
10250066915
10627560905
10155958626
10939679015
10446580124
10782161215
10861774705
10609669753
10773764123
10841659595
10152858929
10339277656
10449175093
10803063559
10824287814
10624884381
10876867114
10762967210
10738671464
10522671028
10330168067
10189878678
10633184100
10644265540
10228872088
10735476184
10425269389
10326164287
10194679555
10356466612
50645926024
10638071747
10977662562
10930576777
10128368236
10929876847
10126374543
10838369913
10807455514
10229375521
10765573651
10513172023
10604780339
10549962138
10580964736
50686820632
10910176273
10842266015
10158073092
10689768810
10791265059
10122357549
10792971209
10524874148
10506265396
10416367087
10799662807
10527577201
10806467791
10501374663
10223169851
10940472814
10789466499
10182061142
10142456920
10541361133
10362475731
10731477450
10378958672
10449361484
10198857303
10289683828
10171275567
10666678504
10190961971
10653666887
10923562659
10915170821
10422073601
10877967894
10306867303
10105056455
10289972707
10961871388
10464155130
10157779261
10787971369
10209087002
10345157733
10535370051
10821763848
10229570903
10596365598
10800779228
10203270482
10345157552
10684285003
10834571458
10591467567
10451357842
10227575901
10959068186
10938671701
10354762016
10334973034
10448872646
10324367374
10745460835
10655263504
10744663222
10387782637
10457378278
10973966157
10363759145
10100079978
10179660126
10710473935
10353255799
10903581184
10901175652
10970065557
10138478134
10718671170
10267277246
10945168404
10918676328
10178355854
10715760925
10227370412
10955559807
10363762824
10460370107
10108281133
10538067003
10943867388
10687362956
10259676167
10461875861
10611996468
10722978709
50279317501
50340213663
50869222976
50853323078
50882022669
50458921063
10700369155
50281924029
50860918795
50429522887
10664468938
10576264473
10859083589
10839657812
10986861535
50518521928
10970767397
10952182017
10616960922
10788971961
50857017425
50650725697
10448381193
10895773932
50848522653
10877969376
10326975809
10300767232
10679472886
10107565480
10278788944
10309263746
10690762203
10621877598
10951969668
10624269198
10590468416
10115677050
10115677897
10715571546
10872369212
10969959625
10459371197
10554872506
10713458513
10528471535
10336287152
10652770887
10196966614
10222372171
10549964901
10362676115
10793454432
10389969997
10583965466
10993269527
10848871026
10887886749
10416771854
10903873764
10866181254
10989968703
10590963393
10408550051
10546161679
10200078603
10914364805
10526465804
10687173049
50505326214
10507868442
50915423966
50624419103
50155919577
50719520009
50734926898
50126322156
50128523859
50648126135
50539029610
50989619543
50276129860
50160724402
50301922473
50234024347
50481619112
50306226868
50482423633
50764120391
50224420993
50784124075
10415862271
10814563090
10135979796
10192363267
10246476398
10503367279
10118471981
10817774296
10100785760
10155957842
10311770045
10353968886
10637967041
10767073294
10762381281
10855477829
10677666326
10165366957
10563166885
10620858265
10224479256
10345466586
10366461840
10506569420
10201169175
10142263310
10475971688
10192982259
10340381201
10121063627
10196076180
10358178648
10110460174
10244168721
10527771780
10872469427
10219465366
10185375039
10751574392
10798881851
10377862049
10955881445
10721879168
10435662925
10130474108
10423574151
10985278791
10382067062
10371861054
10193166484
10129682769
10776186915
10645569525
10814562677
10932365577
10865067412
10476667521
10682371984
10319755005
10223963490
10908363915
10190867162
10339364844
10986066950
10698071897
10989177887
10509269809
10914063659
10285465222
10699076753
10501580892
10426463194
10949260148
50265616030
50604324246
50328115765
50153228648
50316618901
50369323227
50743525492
50208922838
50880023218
50169528629
50162424010
50260311338
50917320421
50896722132
50700427447
50553618331
50312526885
50935623912
50674417445
50294725428
50210129525
50117632245
50674729667
50316021217
50776622987
10132060608
10870865205
10446769503
10838573448
10963775970
10288272603
10385169786
10963775215
10997178703
10802669968
10175470574
10923979571
10338475790
10979070157
10228761576
10760681720
10503370448
10400069687
10867867330
10880074945
10903469570
10701475814
10984290671
10260069780
10797160533
10978371724
10397671782
10333772018
10978673015
10379171319
10332367389
10469658223
10687361458
10830774970
10276560716
10745555906
10553658392
10727672485
10281754512
10529162592
50555819974
10522161228
50190920718
50200525124
50378219509
50848523788
50500129191
50751519679
50537220923
50751519761
50325923249
50325923946
50605118624
50875224344
50996527275
50394115802
10750576398
10313372673
10272571702
10157276023
10211067694
10823357563
10802670855
10629775448
10496062790
10363379885
10281875331
10477178722
10888762098
10751467751
10624883297
10958772296
10958772575
10725870402
10843374658
10336868187
10351174243
10181272142
10637967722
10505872772
10356573300
10498065096
10119973053
10466880467
10868275931
10239176380
10527052172
10458459264
10889571125
10749566770
10889078311
10427066290
10907873319
10274877131
10437471909
10496060559
10529875562
10454571714
10307671191
10398180469
10136876685
10390368637
10806064134
10715278005
10910671160
10221977174
10719978193
10571282451
10544069577
10306764923
10153577476
10172359166
10767767243
10867868511
10853676880
10642977114
10637572179
10990571706
10405967530
10132363670
10459372093
10815074235
10613270094
10394976145
10387067277
10172866193
10829162135
10409762580
10674671514
10799460192
10981268241
10295170884
10913180894
10283878227
10846069645
10846069962
10259872170
10263355541
10846069994
10540266564
10287771450
10647261920
10975971824
10684781040
10353761024
10292169957
10212872617
10402962181
10179757817
10657571922
10160059691
10217285402
10256872321
10883376629
10177167126
50471326314
50939821887
50943621196
50976723089
50528716323
50648317645
50282419762
50297423144
50115816555
50173322931
50672427292
50239823951
50954928626
50399917243
50590122821
50102729647
50512419847
50233229039
50775421723
50212431084
50664917663
10660865695
10776563559
10998567336
10781769822
10153071949
10378280818
10960968627
10807271380
10720760162
10987278707
10554371974
10624167059
10494977326
10484664944
10412074533
10402174769
10288972656
50391327008
50972519767
50844723300
50166927198
50774619227
50672620199
50987726745
50265615771
50605227535
10859385013
50597126158
10947076987
50647424043
50698824298
50805721787
50853118360
50187125251
10228982437
10355652363
10891271744
10989969908
10963469452
10137083900
10641167099
10778268849
10961762553
10330874777
10822774005
10484664142
10977663121
10986657730
10546772337
10546772744
10420377080
10344452171
10742763281
10397474189
10233864671
10687561042
10360673295
10495767151
10204774926
10615778452
10262671131
10112573028
10352178750
10778065301
10225961104
10817186763
10519679669
10584866588
10897259193
10285556905
10590073565
10825376242
10354369615
10802974553
10420252901
10845864782
10427267507
10294560620
10163469672
10161660275
10378872237
10945075497
10115677210
10159670058
10153071018
10792881461
10979563113
10357577392
10345762746
10893465266
10477367050
10200665040
10227474056
10663469714
10301466905
10699268770
10845272853
10629975443
10957772733
10428877222
10284769543
10656773757
10381373229
10315972776
10474762337
10715573053
10377183948
10885767724
10184279252
10536679976
10624269194
10624269017
10230260582
10688371547
10668373104
10373182171
10582873552
10122971136
10782989211
50689325896
50488316170
50566328147
50652022550
50981822724
50725020760
50652125069
50403720158
50339319985
50259121230
50593124081
50990922613
50970220672
50737821838
50824116986
5042828922
50621719704
50325621730
50379321368
50694624128
10113561278
10889273864
10113561165
50296923020
50882829873
50272626368
50691216837
50321525175
50351521071
50586321597
50691323211
50637121896
50106117231
50350121972
50631720674
50322321319
50113325019
50271932300
50464220941
50333521026
50984726461
50484524517
50236121673
50220022774
50654615106
50704829351
10844470555
10214274797
10634357952
10681765347
10674066374
10866664155
10663067412
10339069065
10877869560
10746868377
10365056110
10343567736
10923079735
10236676266
10377384966
10108370298
10792175789
10800675804
10742387068
10369469163
10553161938
10347673401
10598170951
10881967118
10286867795
10529588605
10614968706
10172674184
10448570788
10785766095
10696464036
10713082681
10263270204
10882060073
10134068619
10942066390
10685659960
10516893525
10893551348
10876379435
10205273913
10216080400
10352571833
50672718804
50672718108
10274467397
10604873058
10939679235
10566683523
10950069624
50912315525
10166058817
50582928394
10210175498
50172220754
50500129587
10956659446
10341472656
10393581390
10273670521
10638678575
10250565363
10812971114
10786084800
10475073003
10821466663
10501579952
10285270490
10478668674
10196875971
10617570495
10290877001
10360064428
10266971318
10978865176
10113158006
10291759305
10101768220
10403260797
10901866147
10604078993
10858667736
10444476010
10938081108
10137374471
10618571669
10325661891
10683462989
10471883253
10730674130
50879422182
10138870461
10761053231
10932973455
10186264977
10669763381
10837467879
10649187959
10848979646
10807268114
10221171570
10329859174
10803766147
10250169494
10791469763
10289882427
10877261731
10815390178
10921773731
10414670410
10833167858
10267277865
10513174347
10388980831
10227370616
10419871535
10889678816
10645361806
10197573766
10855985427
10564460515
10680774955
10712777167
10295256040
10834977504
10488376443
10504671484
10386371603
10831773436
10560663304
10850567276
10731977811
10826576150
10818073470
10161173858
10744575218
10242675477
10210771703
10501670492
10210771908
10863270650
10593475287
10723059419
10833562615
10859388698
10824368555
10250771023
10881565151
10116076002
10188372506
10620067217
10126161311
10261968537
10376967949
10519071569
10460279431
50560717685
10635581452
10373369692
50620227889
50399321318
50462921953
50895023795
10238361797
10755875249
10981266996
10219662851
50538828035
50228917703
50274919237
50649427726
50140225757
50371020427
10163664943
10833562907
10859388216
10477874557
10402461852
10991773582
10440978118
10354977855
10368578399
10647870197
10504461663
10569869314
10551683769
10505985878
10527459664
10681670146
10182062921
10502775085
10366168211
10888877664
10406371770
10452467944
10228163796
10298467904
10966677959
10510586620
10246179591
10311272509
10459463689
10981175839
10913669823
10440068590
10930367131
10804686577
10974067547
10169565688
10540754575
10546669683
10526970354
10567873821
10991180905
10597053518
10738480458
10549463074
10699459130
10843173190
10367359545
10376765428
10952666063
10471882028
10130353043
10889574137
10400764416
10548160810
10995587623
10157566862
10597170575
10658877203
10197574059
10457381176
10234673711
10453162175
10128670400
10941672084
10279762499
10937275286
10842574451
10534579368
10401165077
10714978938
10831473495
10941466026
10428974514
10373276702
10209871657
10575667479
10753071848
10495977271
10106867683
10178880978
10410855307
10283072380
10280777086
10923270717
10542363720
10714977551
10600679320
10468378623
10468378106
10799279986
10134973541
10111276090
10701369257
10905667011
10589274153
10712570892
10348670689
10429260594
10164578579
10385772810
10583675512
10323273747
10988263488
10742269846
10613958527
10432363181
10359263805
10893171896
10129475631
10129475424
10964772395
10429560336
10237771136
10813173613
10460368649
10643266402
10152371398
10296189827
10687763518
10150062986
10352348860
10476669104
10701474183
10469477502
10565879995
10175265337
10957873825
10250870646
10988373086
10590170868
10239473406
10802669933
10397881699
10900777217
10613578291
10461874887
10737064661
10375469080
10523771255
10971275504
10227869186
10477962304
10524668552
10132670815
10888057608
10167856708
10995468842
10787971986
10604872018
10564976855
10367276262
10514457752
10867262383
10503366441
10614359109
10711969844
10581166526
10377862152
10683459782
10579781097
10644179828
10797779303
10219664074
10568669434
10445967992
10136271097
10477871083
50925817043
50915128702
50931721381
50590931994
50618721935
50618721756
50974922341
50219422088
50901127048
50293018289
50392126234
50552225128
50717915286
50482024442
50611024851
50333920802
50888213204
50539315997
50482620997
50836222682
50377521189
50489520650
50319223865
50204425542
50406824480
50802720681
50751218582
50633120717
50940320394
50550722004
50888429887
50161129308
50278219874
50639825110
50955828990
50508122142
50719727578
50243622613
50193127293
50626319516
50332731034
50794916975
50185922321
50194726815
10453164732
10648769936
10990483402
10175367424
10295983313
10217977357
10346376319
10129684066
10332983416
10539174797
10647173531
10491684898
10382566001
10644068253
10441864103
10291178836
10652573065
10398068322
10296673559
10136072596
10873376343
10372873279
10672067476
10140476699
10874364789
10116869396
10760681055
10841279145
10887084584
10524066245
10687764791
10241470138
10521368808
10966571954
10960594007
10260273871
10564867417
10320585709
10703173013
10984165405
10105777056
10664068105
10924463281
10924463949
10323581156
10923674668
10229071387
10423165014
10346454517
10291672101
10123369284
10903675327
10831864854
10149669509
10124159827
10520368888
10623063361
10520781166
10628374564
10557857928
10704061556
10531177291
10141677571
10904262216
10217467114
10140567527
10866661839
10793656362
10450776024
10479071326
10662273338
10903873433
10148852050
10485367380
10189970139
10833167690
10186173114
10779271534
10183979379
10283765805
10402175746
10701369876
10737361657
10598374647
10367562922
10719471567
10420973062
10368768818
10560462664
10750577132
10983173012
10463872497
10971569236
10850070912
10690268846
10997381330
10280777460
10885766994
10134584841
10890264430
10744975555
10792271501
10229072175
10556862938
10588460522
10519273001
10418663351
10183689398
10659076971
10477876215
10835372906
10481567896
10421275732
10660264169
10835665451
10490683376
10283377888
10826165565
10291370852
10392167702
10457883173
10145365189
10143464514
10859968269
10908966233
10368371151
10756367645
10166277484
10817455120
10503975432
10886774438
10602972598
10602972209
10285555119
10572167566
10764275857
10422074080
10160676031
10185978938
10633781613
10157184421
10303272776
10864886690
10658877088
10891871833
50498124492
50488925059
50188819250
50409624304
50949419900
50785917579
50989621198
50142425859
50361223480
50524325614
50939623317
50994821695
50339713035
50534424625
5065869680
50290420151
50182822087
50824722409
50368628039
50563421711
50119415307
50918625618
50305414122
50873421500
50563719143
10975671509
50860316122
50744226008
50612917536
50497421080
10801269486
50613325661
50281424145
50584222753
50533724872
50286917587
10525659642
50302617941
50119022879
50227623418
10698074286
10873061021
50690327460
50948926439
50212227609
50290719731
50224324747
50917417027
50390427194
50683327260
50688422641
50996920247
50568315783
50112226993
50344317980
50955829222
50255620157
50624114150
50633320089
50671123062
50571225127
50352618637
50529414482
50908621155
50742623884
50984120289
50874327853
50976422036
10737573913
50838822265
50137720907
50505421881
10779376814
10666568515
10529163579
10444264990
10569575598
10923776683
10926172331
10283377067
10519272133
10895274563
10369665607
10800461736
10921166818
10380179729
10336069713
10997886650
10421376772
10862769121
10470876076
10913475659
10946762737
10713462635
10386879197
10283668859
10594763778
10549080056
10642675881
10121964448
10641168144
10543867881
10628560642
10430658356
10572469110
10272571247
10400069270
10844079762
10806868260
50102430843
10392069840
50347920616
50674417272
50929622160
50443817933
10358766797
10256561038
10653262939
10185554215
50913324777
50756713558
50590625552
50612621933
50415023351
50415023530
50923524622
50711524182
50203824479
30330114363
10190264519
10526360180
10611869600
10281752645
50204228650
10670960108
10101776843
10214274743
10705368875
10196173933
10296673939
10741275643
10259153911
10286072235
10991666213
10361762459
10616782084
10915959516
10377770753
10968073288
10863369856
10852180539
10656462916
10545569331
10416367093
10461873837
10611267646
10124687272
10313758240
10594760685
10303453601
10406470902
10648374024
10900075334
10842164522
10281974561
10604870693
10908469239
10455855916
10906779896
10532771583
10340275388
10864887678
10584071915
10241372585
10305377092
10491153045
10588077592
10100864060
10713165903
10940153372
10948564068
10497066626
10476669622
10777970222
10201064144
10270557163
50709622492
50712625287
50432722245
50563325614
50347427490
50938118240
50432722078
50347427373
50164919960
50588921164
50463725502
50444017165
50244326583
50671916101
50515926380
50759026077
50495126645
50129819669
50300028829
50869926592
50438831667
50335822940
50111115046
10901777267
10284869653
10516458540
10874460235
10540661669
10692270606
10694967362
10136378773
10307468238
10944658391
10603368833
10802267151
10923168648
10419269831
10341573505
10288473812
10504065749
10596369485
10589069548
10197769663
10478265773
10356574058
50455918950
50839318213
50152420822
50946222574
50909622031
50261523028
50931125964
50330927113
50973418866
50825822413
50207427282
50178317695
10324586481
10198675279
10610161746
10332158007
50961524368
50530723888
50239821116
50725217517
50530723395
10297061521
10633469290
10509573641
10893073501
10645274656
10686484262
10392970987
10525463853
10525463470
10872558034
10229272003
10259380395
10785080837
10501376735
10575268494
10994872853
10922572720
50183819184
50252824161
50252028322
50375218249
50355020645
50463923806
50532623458
50975621372
50257617253
50147718507
50156614891
50651528249
50913721118
10592756873
50834625701
50829424247
50213423433
50259121608
50525536121
50450623039
50946426352
50361612501
10327768374
10555369971
10764276071
10773481556
10296189731
10496670344
10929968453
10738480612
10429766084
10650679479
10989373177
10464370656
10598277798
10598277594
10256964356
10328172252
10168069048
10427757609
50678222855
50846322326
50222123773
50849726144
50331723519
50315920507
50692425750
50860919980
50953229769
50448627756
50596230555
50213323710
50820822781
50265725988
50683921853
5042829215
50483317019
50141923823
50563423119
50361719970
50252028800
50463923445
50860217241
50423319041
50600519334
50349418700
50906225168
50435715965
50229630888
50416126083
50270018712
50720024849
50280526742
10210872612
50533415962
50472624696
50938926765
50141623306
50222322606
50169218019
50987823628
50107925193
50549423124
50261121718
50635918801
50645726849
50703328513
50152420885
50445122494
50955427977
50828320188
50576723384
50410617020
50991424498
10113769309
10518661955
10219464233
10653469588
10136670920
10510585789
10996171825
10140475182
10525182380
10180267810
10563167508
10719266613
10867263209
10194059589
10807456962
10640075893
10553972336
10584976701
10560664506
10948174577
10659076732
10986659809
10670960973
10976160338
10228671584
10806174115
10588077283
10660067364
10177775071
10363379977
50713717045
50944525878
50423319492
50929324511
50999722222
50446622726
50576421865
50696323460
50106119686
50563920131
50778028275
50188819777
50791020818
50162124233
50125917325
50560718272
50720427269
50832821560
50375926371
50690027531
50153931734
50214432081
50415720364
50864338914
10725761364
10173370710
50860918548
10844266680
50199327082
50467625021
50768420771
10150268408
50203824895
50327021286
10308679904
50516322861
50292822543
50549819381
50538625043
10243660962
50813226329
50524813499
10411660790
10956480315
10329266698
10906780044
10263469275
10515563144
10953854908
10626072090
10309570850
10231173819
10595971802
10731560549
10942870295
10925576129
10986269314
10457574503
10534383515
10158072688
50530724369
50692826438
50624114002
50255620441
50344424513
50651528981
50496224957
50216323153
50475026688
50297817433
50199716566
50456417763
50975021467
50793822409
50518023695
50517619368
50135818223
50870823027
50379925682
50256621511
50256621464
50668721745
50418621058
50727516410
10836774056
10291067214
10629270548
10186356630
10554874555
10546079791
10897549328
10782161394
10753778464
10176376182
10773764821
10274467361
10885077269
10915170534
10280469803
10422968491
10319969422
10281378324
10780376245
10747482890
10803565524
10682871424
10471967123
10549370466
10399269827
10170473353
10449072206
10928768678
10784558975
10448174146
10431464626
10528078245
10162871530
10694063934
10158070653
10623065127
10119561774
10149783084
10185375311
50668619841
50241223268
50374619157
50968820062
50223721429
50134416759
50278829861
50556722707
50776623793
50697625154
50208623183
50170724803
50991024719
50535230166
50175533251
50155418279
50712911604
50399916271
50914420762
50425917917
50525921449
50107723590
10932368717
10215564573
10628173566
10679572562
10887180665
10172966638
10820972477
10959767986
10778573740
10505278110
10443467199
10460173386
10545391877
10489269448
10938666135
10732972538
10293268371
10675675370
10959675781
10715982604
10508375862
10511365256
10665958779
10682366002
50399420567
50444421505
50207427126
50420724582
10398777148
50627822928
10749770625
50966127406
10118973322
10559869830
10788581201
10219068655
10620363057
10977664647
10777271491
10775768707
10926856196
10105574718
10937785955
50415024691
50722013325
50713622352
50819319668
50513820018
50946427943
50183818851
50541120517
50900625134
50318720884
50250318773
50587826820
50584025128
50755021508
50283623533
50286525250
50260016946
50977028544
50516421429
50635917099
50252721674
50112921121
50832224648
50316321587
50956725782
50172220852
50631017325
50414517783
50858722540
50504919582
50819217825
50225422466
50785917891
50754131330
50137521127
50946623400
50316023506
50198124451
50915128572
50648421339
50133616420
50505930263
50574726606
50633320517
50905227217
50983624512
50918127940
50486720781
50174623084
10651874157
10794163568
10358767696
10533575057
10543272300
10810573142
10218989493
10518368742
10875271103
10497673845
10573287418
10580577589
10326365805
10815075668
10547269987
10378671345
10456879062
10782255377
10650680325
10515769079
10926464863
10393471733
10761968622
10253578250
10152482736
10136670177
10484062811
10184278987
10941278680
10431567015
10358596171
10257961386
10552884751
10779376909
10228873199
10800275553
10329167335
10709061619
10332984830
10885078927
10169877847
10326278026
10813467220
10828971114
10830871114
10205273305
10479462176
10723363125
10213875746
10875368080
10657165517
10731875003
10273094116
10577772798
10136670722
10854075810
10400965011
10800069576
10793065922
10793065355
10987369532
10991180451
10322469683
10802770251
10102270660
10667975577
10756069706
10460175783
10272465482
10102574639
10274972268
10448664885
10733460984
10181159135
50293018096
50392126100
50259923152
50391922766
50668318767
50346318292
50346318426
50595920013
50450623480
50223722938
50678619641
50952431004
50282627984
50841315572
50621719238
50259228126
50747016010
50324216150
50505421025
50754625487
50622624869
50103931091
50103931847
50336820667
50294218856
50688127241
50784227675
50412224818
50399918412
50411015132
50785917178
50494119075
50183818309
50941826958
50318720311
50989621084
50642321118
50626614863
50600723784
50238118526
50836815406
50598129340
50488316861
50427626556
50789314461
50703927866
50383930476
50378720850
50500928720
5042828135
50325621291
50364824866
50833322413
50553618935
10296189062
10549463234
10675558008
10115262954
10310370037
10117870322
10989373239
10873778494
10396366090
10155873345
10284058092
10328172493
10750477019
10803373074
10888762882
10859165454
10675167793
10510586413
10112479726
10856469186
10745963826
10320588046
10730074223
10897549257
10152371219
10609669357
10844470019
10993569496
10201064033
10309865725
10613365130
10596868752
10818267069
10809067571
10876081527
10928361478
10910173591
10940471369
10521089257
10719369801
10485264253
10832971894
10917166909
10588677141
10978066103
10521479763
10353477852
10367560415
10546160850
10910865069
10281377028
50455719107
50810624666
50124824264
50716519746
50973418022
50935624394
50416126427
50521023655
50731222959
50949719867
50638928661
50183819972
50325325275
50699323778
50499222657
50763526084
50196918044
10635968659
10861060252
10807456476
10968872776
10581467123
10776186154
10687475970
10217869001
10543272204
10787576106
10526362823
10541364330
10176459730
10431273035
10166465214
10893762297
10780866551
10725558159
10991863720
10814562570
10922865915
10680969139
10980065482
10513570878
10500762281
10879381509
10323449283
10879061798
10707465611
10417765568
50894519903
10404364955
10624369461
10217286100
10526069256
10798471070
10990484048
10628678221
10357881205
10963776700
10329167930
10207676292
10116077253
10410761426
10402670029
50830922974
50334722530
50716519184
50846322545
50849726880
50678322932
50824820707
50158222776
50455221360
10174369074
50958123299
50661629758
50277819272
50775421689
50535316733
50346817679
50417230750
50894620251
50964827598
50419623611
50947428950
50407219795
50465924504
50535923555
50182425317
50113326155
50339417567
50776430368
50511922857
50738130120
50422821110
50106627597
50469126513
50386723192
50168826694
10872558399
50967016030
50562830040
50925326471
50719120838
50323829316
50322020039
50376324127
50249017023
50266729720
50205727975
50646126181
50629730634
50278922100
50857018424
50175127685
50320921901
50159219862
50624419596
50432822015
50273916845
50288820008
50654520126
50778925220
50801627486
50885423414
10273177670
10219876087
10883258007
10867762047
10734470130
10869358796
10646569594
10935575784
10376078019
10587165955
10892372364
10788463637
10802264669
10807963927
10264961620
10383662819
10922571194
10634062405
10815855354
10867459813
10572077423
10885763376
10708470598
10676880518
10665078221
10267175786
10367464317
10350865903
10401467086
10337570813
10158972389
10360262236
50310210646
10340963195
10113677097
10189656040
50320920457
50138422398
50274621722
50978429085
50147024652
50383328386
50815922623
50704323788
50254722877
50468423821
50236122025
50679925440
50863729293
50153228010
50818021091
50818021542
50388726143
50864528938
50136523363
50140923938
50140923896
50474024343
50316123111
50909522618
50730623175
50799923365
50259922236
50397217517
50472124155
50930423048
50435224362
50252225873
50240822939
50834029715
50582928825
50142522719
50840120041
50357117961
50314128597
50210424469
50419924189
50692516485
50653019699
10349267108
10614060077
10434368089
50102729668
50319121907
50993421222
10489365843
10453359323
50117417452
10236262887
10684667070
10629460413
10454969441
50442522317
50695425060
50311923549
50244628077
50455917590
50903621558
10266972171
10926963305
50634424971
50924717437
10853467413
10362373856
10285556409
10662484880
10811768449
10600769347
10498855789
10175662050
10719580958
10284054267
10350863289
10170666094
10704573365
10440560612
10374863979
10391263442
10718261208
10199456660
10734962658
10471160359
10471160731
10985775785
10551955073
10193568315
10376664435
10967562274
10561763337
10917372446
10216859450
10632766659
10280062443
10803657055
10900172657
10496060633
10899472905
10496060757
10366364703
10326362596
10906585453
10289882799
10704667276
10647565177
10631171495
10884860187
10902865493
10308776068
10667672943
10206864548
10459963921
10919566813
10598063539
10436369027
10827172526
10692974372
10338773878
10139676038
10498768381
10906264409
50633321259
50394318158
50720024351
10602159616
50648421674
50419320793
50594127413
50147922117
50242127488
50257026407
50252720856
50138526737
50289523225
50562323636
50338523602
10963581358
10885381500
10976361792
10131265436
10747876658
10429261783
10725270885
10539668968
10984069920
10163164395
10613270198
10741273853
10871977947
10934262925
10451359446
10496062017
50386723545
50203731487
50455918773
50524020351
50317428091
50359329518
10728262252
10371280679
10766869019
10526272957
10883968003
10859470681
10433672594
50264517930
50211920127
50638928058
50772624743
10106171515
10973967052
10376572774
10970165740
10237471604
10883260197
10488961375
10414372696
10437570800
10471072267
10404070973
10390974540
10197279198
10516269631
10220573696
10813173298
10828970909
10777071327
10790464914
10430462068
10746265284
10929967141
10968071000
10570174822
10149863205
10272871652
10791766478
10756863655
10315166534
10438281727
50971526557
50399918245
50488925393
50645725352
50541120411
50707826016
10589166764
10262670434
10268769522
10973560596
10938672086
10294973974
10582873804
10844367466
10283668942
10318968359
10214872411
10349874443
10728370154
10401165587
10727569537
10514269408
10290073258
50431725304
50641922424
50314128020
50976724456
50589320107
50755223277
50464028858
50504020830
50259923629
50340024241
50951822786
50488128252
50244726267
50148022190
50827516743
50242216087
50985620398
10932669451
10516458733
10566282104
10475971708
10496872728
10924284569
10475864106
10799461552
10424960420
10518065411
10118763576
10770365513
10152676430
10585068922
10923775225
10227669650
10509876893
10268061510
10933766061
10933766353
10801081413
50304724943
50227425534
10510584015
10844963962
10729368665
10911773965
50886322274
10998367301
10577874472
10886063250
50826518132
50364424435
10141273558
10834750446
10704062207
10659964133
50866919778
10777372870
50704324634
50317716413
10938368465
10759478456
10598374184
10680468458
10413064062
10131669583
10293067498
10365165086
10990960124
10365870940
10724263955
10423264522
10223169318
10539665295
10253472854
10728666414
10226266147
10311672309
10191852312
10774464826
10532173314
10863669617
10873278868
10736973405
10376664993
10840874269
10834371574
10227671687
10159074456
10944567459
10785874617
10137277563
10860467224
10968266449
10830656224
10352571411
10101566532
10296764857
10261156335
10516064496
10349474962
10869971176
10471072158
10280987371
10340276591
10582873625
10712183188
10112171476
10383879654
10534383213
10269266166
10936675084
10714572641
10135476575
10987173040
10248672673
10717861738
50414025763
50755433419
50630421263
50472624631
50892023400
50379418200
50694718236
50694718625
50536421695
50936323470
50875929499
50314128779
50715625239
50750417733
50577520171
50952915351
50270729180
50156415245
10108163575
10983969294
10142863278
10333066895
10440877351
10583963242
10860166978
10225559938
10459762390
10307366813
10568260476
10605864654
10248372277
10546663432
10123171251
10690872230
10325079056
10365050322
10579864454
10936759820
10192860377
10976869911
10755266538
10226470618
10607867221
10838371094
10443472172
10827566039
10828971233
10109660626
10731269925
10985281371
10133167100
10395564649
10505678442
10562782091
10595971736
10288579816
10672777024
10142263636
10407072195
10186355766
10505383506
10168069595
10490869751
10139356061
10938672470
10252766367
10493767499
10871068142
10840874402
10137084027
10537979395
10796769394
10529163843
10757174472
10349874131
10448489134
10704981173
10727569501
10495074488
10873375008
10853570241
10410762496
10866560191
10702777290
10529164900
10439872081
10168570692
10270770696
10123565111
10994964561
10655878195
10285556849
10777076289
10360374916
10341673373
10151367579
10387567594
10397561767
10680261659
10722469783
10204773787
10725482653
10125575849
10758582488
10115865393
10344059662
10280875250
10477364789
10283280211
10715278664
10269082816
10690656286
10278365743
10996977704
10407070558
10314770586
10584271196
10567576838
10587263557
10931272802
10734573455
10569572463
10202961920
10871068453
10261972291
10479070858
10244760017
10403864011
10415574318
10813863545
10724356502
10549867909
10760269122
10945963155
10509666420
10181980922
10126550689
10310766918
10927968822
10707870116
10605084751
10964068607
10281265879
10947675987
10192283701
10120869540
10789377049
10990484976
10534383055
10941467363
10885381240
10261666762
10328980938
50379418826
50834626339
50778028893
50925817439
50733032897
50921822026
50150124890
50978622527
50654520447
10583966816
10612265608
10445272733
10201974321
10947275468
10342462200
10931467349
10896767283
10784871118
10558969802
10803057734
10563779326
10779060552
10516890104
10500669395
10574170562
10331365124
10245365460
10598166872
10682870181
10654063462
10289558396
10571277835
10877969142
10942068116
10693467419
10280987168
10927760399
10340276997
10689572193
10697576365
10364467825
10936461967
10559555912
10501670521
10271987514
10807270483
10397670452
10123368025
10374674959
10878049030
10827170919
10307875240
10926171307
10865860562
10447482803
10215484167
50755432440
10150470379
10216371467
50481619234
10642976245
50109325769
10763581913
50944222444
50978429431
50510816372
50408615820
50821123745
50306123107
50496223746
50496223096
50496223893
10143562443
10410570744
10361679391
10166277652
10186265547
10227669959
10365265910
10494067523
10897979050
10703172159
10226473044
10198674579
10478966891
10488460684
10197164008
10902671097
10844771876
10863958948
10392472533
10545864045
10251368696
10770365835
10915170666
10792972259
10944281893
10837362640
10715572640
10991773796
10918777243
10413465188
10713082596
10728666878
10661869961
10655877720
10277479186
10513978061
10720873598
10221468693
10240577160
10663063165
10274877468
10971664524
10794163668
10261156584
10381574050
30943213905
30587310407
30171610637
30884310207
30224710648
30326510342
3015338523
30710911385
30878515398
3078549141
30678814789
30636014878
3061089052
50843030817
50435224470
50448120499
3066108045
3059798699
30877113021
10980763709
10709061907
10336869573
50948927389
50948927946
10889574151
10105778422
10909164387
50436527072
50244327000
10114567583
50287816668
50755616854
50629024932
10360474268
50478217842
50151125360
50212824366
50515926253
50478217618
50162522663
10266370389
10645762441
10469074942
10999968663
10864486140
10668151793
10425889503
10115261156
10234464320
10812374587
10534865354
10589275673
10401365271
10683460418
10699974317
10472368363
10642176808
10283766410
10972773937
10258687397
10905773464
50840120354
50931721587
50419320289
50882830444
50658720013
50589320155
50881125439
50688524511
50315824577
50867824265
50189015933
50313020644
50759916885
50450623699
50751024967
50477520848
50264418765
50990621723
10301567249
10365166560
10434864518
10701682342
10334973004
10959764818
10108369767
10360956973
10955769197
10577675126
50616122439
50785823696
50797416284
50355316918
50796318873
50729817388
50679722222
50679722585
50469421125
50309720015
50830320059
50198020972
50957722754
50264820700
50592026442
10393662363
10491073664
10699561193
10465265032
10537060646
10689873698
10190867168
10287583569
10319170475
10540373456
10166180841
10292167182
10706163735
10383553412
10677263450
10295869402
10662163068
10256766094
10812163678
10166667161
10209088101
10457469304
10137374253
10305668154
10502463586
10800676801
10871978330
10710059400
10964570127
10541776574
10541776558
10421275333
10965561611
10143465878
10780475983
10732974357
10795181939
10157182850
10122562219
10127777609
10816268626
10750664875
10143072964
10415072061
10772564656
10308774188
10785964428
10506264348
10343178704
10343178784
10983075513
10305867428
10196073897
10216561185
10889879520
10740979995
10509271803
10812787307
10363975046
10195764158
10607275178
10589566606
10331870427
10962668824
10882274876
10908365707
10914178945
10322580480
10110459348
10441068615
10320374315
10817670242
10413465928
10229070616
10188372572
10603768861
10621582187
10890461676
10235360054
10814067195
10531567470
10461674309
10420064639
10187966021
10228984886
10399269294
10778576092
10163164020
10290259987
10655666941
10948564928
10514068638
10675559506
10963365621
10821367826
10327474153
10661871873
10228761885
10772159203
10671957327
10297269784
10228873046
10942271404
10964775003
10417656782
10569871798
10701370324
10582666739
10277068042
10634964802
10991181904
10198562042
10288873169
10826863395
10913669991
10886774674
10853869378
10387976479
10375277718
10286457792
10316167871
10639967003
10156472583
10125657281
10520059213
10966783510
10758365677
10575856359
10936672601
10131473178
10926263287
10933074609
10612478851
10975163279
10646657374
10864165512
50531022331
50935624839
50582322918
50572324978
50114229477
50807124614
50213323427
50144727068
50934625237
50906523505
50941826236
50649429930
50894519674
50806524061
50799126537
50592525736
50379623290
10628780134
50158222022
10233980261
10834977754
10621362919
10771365318
50126926134
10908761019
10926763762
10701369642
10263663534
10998065018
50127731832
50259228567
50291919225
50754625603
50913825925
50677313979
50459319549
50524223757
50954422060
50502430197
50614723724
50465925187
50846917095
50287519104
50649428695
50634826133
50382822979
50294321279
50462922656
50158920786
10897259973
10337264359
10949374839
10503869072
10909478141
10111871935
10389880515
10748780064
10771978185
10564868452
10311771264
10673473338
10988564677
10101775663
10196881253
50622624157
50703328477
50273820552
50976927457
50444421346
50682917031
50276918190
50991424891
10954258064
50703433988
50703433382
50229630129
50521023941
10355462975
50955922777
50141923869
50712719718
50267620998
50799126056
50671916926
50689325027
50496524455
50463725147
50136315010
50303825795
50627726286
50344714413
50150720107
50754130121
50864425203
50507523134
50283420677
50958020426
50251419322
50850424515
50217121697
50867421135
50749626391
50610228060
50949923028
50955615986
50347332035
50931919102
10577268030
10871068544
10519273877
10368175135
10712668804
10668755789
10273094849
10246180549
10149469514
10922765598
10950069210
10564274771
10766869051
10200962633
10266854406
10112479099
10112169147
10919566186
10991866008
10981957420
10484480081
10535280834
10198858975
10631170448
10499871975
10936271095
10125367085
10846268444
10643174391
10799577544
10763867297
10871068746
10659769252
10109660609
10159074928
10277568006
10628173929
10941382800
10679573588
10914977794
10610878641
10358596570
10675558217
10194570233
10314868920
10311569982
10750763280
10800275917
10142263516
10534579161
10980865085
10338476554
10458767535
10997381710
10751868795
10511772214
10929160278
10504064818
10810572971
10907761452
10722469187
10331269654
10653470761
10172966828
10932871431
10932870357
10127668918
10193268907
10764774134
10825764498
10590871709
10370481180
10650079610
10487356695
10375970599
10179054032
10569784647
10137372704
10330469188
10360473079
10901175103
10153071493
10336070685
10166778582
10191578384
10811059499
10969866729
10363068462
10174055985
10524967030
10632972767
10596176418
10886868566
10402771228
10300263990
10924058379
10879757596
10935974998
10558763041
10408474921
10175066585
10125266969
10253265559
10439771138
10249374986
10108467161
10418980061
10234670014
10318465085
10280988491
10567492969
10284870415
10501074974
10171275895
10469477654
10126073145
10127860284
10807271331
10822467524
10809065611
10664469747
10227868577
10282065633
10196367123
10999466554
10183278768
10310873868
10605174890
10949076942
10913365769
10746864214
50368019774
50876123246
50785224141
10284769675
3074018154
3062388919
30339210613
30554716300
3097699671
3098037530
30335910093
30692812583
3054837387
30602711780
30931410879
3047637848
30109310050
50370925660
50423523276
3011817953
3032989869
50543824345
50582719686
50177418408
50491216162
10272870253
10351064258
10750575444
10526270836
10620771272
10952357575
10836654321
10907760390
10136670439
10418765686
10561966281
10818872436
10175972669
10410962781
10915778017
10923674102
10577268015
10421176944
10697576574
10107363657
10479668104
10649258922
10158073835
10742762858
10614259851
10117260295
10661260059
10738568144
10641268534
10883660559
10209366960
10986963373
10890461731
10155073428
10938672888
10119870950
10352091519
10244169864
10386169331
10634862773
10749770715
10604873481
10546078649
10546078187
10201064764
10126273476
10960594885
10160351226
10760559524
10577875093
10932771268
10107476271
10813354055
10325659798
10355652971
10648171569
10525182607
10345157477
10297578427
10198472521
10573171153
10954464866
10540960025
10680467183
10265663329
10362475224
50463522131
50317428252
50884324692
50650029672
50825822833
50625223179
50653828249
50832224502
50735620255
50636319048
50376025214
50629024700
50337420094
50143420779
50333523408
50453724657
50140924400
50777425570
10161778047
10214561241
10471969886
10592364679
10246475507
10918168645
10684781525
10624167539
10685751570
10947173829
10741481436
10412074622
10653052087
10364675957
10967084539
10353871223
10942269874
10533771577
10985570730
10903770832
10119559482
10660474182
10448380668
50685222312
50411222076
50411222677
50563920503
50635917880
50464826105
50555819484
50906719935
50368820090
50812725660
50799126398
50562527014
50284613660
50728924126
50619725755
50570819601
50570819498
50802931745
50861726364
50535716525
10201065173
10118972420
10152678631
10408477948
10723361581
10433672771
10243663925
10754790099
10431385037
10853675973
10989373665
10682074661
10207074144
10329355645
10284058596
10498966132
10106663659
10490075262
10389968142
10200078760
10818072595
10396972875
10123079822
10944061444
10595765706
10130764096
10573762071
10494379793
10924863259
10696160348
10424881758
10133664992
10104674544
10871265079
10828461555
10968265574
10837360560
10658770036
10139673037
10374564484
10135775076
30323714982
10605175966
10691767458
10605175168
30105511518
10209364382
10544873575
10743258938
10870580451
10124774031
10920265959
10666678977
10558682612
10170362738
10176686831
10544669635
10652771377
10599678329
10921469070
10131475746
10357665960
10127777308
10321967699
10750167700
10909068023
10205966445
10149669957
10927375899
10185553807
10290767840
10437268660
10990773866
10490565467
10471382594
10138366058
10831974893
10336287789
10799076033
10534772903
10845159446
10392166509
10332873337
10288670090
10430873482
10165165178
10518368452
10901777684
10971569303
10105058626
10383762906
10835970297
10430080388
10976873640
10741274084
10112573524
10778065760
10563475198
10946762661
10386879523
10273566096
10367195842
10902578794
10589970910
10438281782
10575667412
10196881938
10682770794
10325080359
10925071780
10344963639
10368665130
10849175144
10219878923
10998868854
10404971864
10905973950
10198859860
10393267935
10195575137
10143464539
10913959161
10457270712
10216562533
10800461942
10383377229
10542281893
10926764665
10575353302
10750665466
10468161821
10557572963
10308973102
10591176048
10465367334
10567492496
10997180580
10875369427
10417377313
10123663188
10355073427
10330967433
10806268999
10767253724
10118973534
10995778347
10546078915
10598066940
10749770581
10535168615
10506662440
10468970595
10152484150
10584071808
50423319158
50557813143
50834029998
50459815053
50425720270
50496524514
50255826931
50491916176
50689119265
50828625862
50738217875
50827516907
50373821511
50394718908
50397332150
50509731778
10931564502
10709860244
10735963686
10441478453
10326365047
10278976432
10376662030
10818666567
10578778235
10551769116
10219573292
10490868524
10927478630
10212373611
10263663553
10380660948
10973766442
10648975261
10280569810
10593678843
10335659330
10237772882
10265058359
10453358990
10667473378
10705571588
10837568561
10154259028
10946080447
10217977571
10518063414
10539174040
10225561952
10510274374
10151365063
10318168081
10350664777
10729757212
10993067738
10993067122
10251267459
10678072593
10859757937
10371860516
10476472957
10541775054
10264679500
10485082912
10404072356
10978165866
10413376293
10419375332
10279171624
10132672139
10431760262
10689768673
10192282608
10973967172
10231462608
10897082018
10736973533
10493767913
10949467231
10576779771
10828971002
10218470431
10264368331
10329860255
10818367481
10363758889
10292265828
10396878727
10364574804
10513174978
10872558562
10477367528
10866968598
10891272456
10936375511
10117763031
10342965730
10955678244
10917660655
10499579097
10926171634
10934066353
10311568862
10169760627
10861370499
10560965606
10750062903
10868277674
10884362584
10609669269
10544267117
10500379086
10500379967
10731873661
10304562726
10507775575
10647566799
10606072287
10178579388
10223167344
10885764481
10983171693
10776871915
10317165681
10316565354
10294559851
10167772747
10550468520
10697573971
10103658371
10278469756
10148850788
10181271994
10702459597
10630072279
10764177500
10644862496
10985063160
10710851366
10380577375
10590263324
10846774737
10903469262
10619963023
10848066012
10517370582
10233068753
10188886542
10142074538
10853284587
10722177981
10813866062
10171167577
10507071136
10726165627
10831655453
10527383838
10586161570
10564159517
10292169167
10890263082
10890263042
10558681532
10334475683
10984287931
10463166275
10214272811
10808072966
10110164150
10287282865
10663545102
10999966775
10453559924
10735962670
10363760093
10223464784
10720759220
10611869412
10626767954
10542467381
50793617111
50263023930
50387026874
50319223577
50925920639
50151829074
50151829062
50393319904
50981124642
50431326414
50920619405
50920619147
50927128272
50703432578
50385617067
50857120811
50684618415
50362822040
50290527128
50744615212
50442929704
50460026437
10117477753
10686856277
10867063568
10314770954
10869067364
10887579607
10871357314
10346661331
10608358567
10695082926
10204356659
10994062597
10359976452
10122158635
10559774637
10279464707
10311164951
10328570603
10939575079
10815387872
10786377710
10646657728
10469474528
10286557434
10950871852
10996979362
10862563106
10220969537
10214370438
10735477354
10958371843
10194470917
10696669817
10218666095
10832676150
10949375351
10589567175
10643477054
10138869848
10607161761
10879970417
10668067463
10885966366
10123663740
10395173196
10509472976
10688575418
10525859398
10400459492
10474762912
10979385696
50397117916
50141321317
50168826401
50727021440
50582322141
50600519503
50766817207
50817025431
50845227653
50391327543
50844723026
50537220067
50777425805
50744226604
50300224079
50316618980
50743525649
50171718448
50171718056
50893421978
50423914486
50692120784
50894620529
50199327261
50185331276
50553723140
50918422944
50342319105
10625182261
10476865622
50394016469
50851324798
10153163272
10216477454
10958371149
10316972801
10884862574
10926560818
10722277839
10926560028
10978674384
10842266935
10158073050
10805064881
10295169946
10548477298
10168069907
10756069611
10949174997
10304668246
10356369922
10894077769
10905772518
10970680830
10311168246
10126553216
10964774257
10343870620
10822669677
10120954170
10337570606
10105174277
10812261431
10991865283
10836569148
50955427647
50261523577
50124824686
50392418257
50190920864
50582928655
50899421018
50590524420
50643528417
50412423427
50430124909
50150817880
50392125153
50828124914
50527525781
50182325933
50864424316
50171220178
50474124741
50751614227
50823824389
50546224697
50266516768
50693720786
50752520406
50851615269
50742917319
50299031074
50664224433
50979715164
50943522809
50544821243
50113325957
50982019462
50656225260
50207427926
50276918527
50392418764
50257618201
50904024067
50959228605
50476926024
50815714436
50887031216
50887031902
50858722037
50662214786
50228522614
50787228717
50662826766
50728121123
50489520833
10971769208
10925468250
10333971818
10437150427
10728152139
10695564562
10434863948
10434863452
10766374159
10701964582
10460760782
10675675235
10345960424
10933663070
10584863138
10974965653
10409161739
10431164329
10388060319
10880973988
10270665328
10778667497
50256517666
50866121425
50118126271
50126419976
50829616721
50482620249
50602130024
50814620224
50602130852
50224821797
50846719699
50229423545
50454319684
50472623703
50903025994
50863729597
50787524451
50175127021
50729420967
50150721585
50212621990
50334323257
50596818221
10797476767
10525772714
10442659624
10105470588
10838064191
10454573935
10701475955
10396468896
10903579435
10347474723
50267120236
50154824287
50455719471
50931125255
50175629950
50759418215
10563372581
10322850299
10955170801
10210562640
10325169682
10718672389
10265776136
10710057403
10806468864
10309262910
10902276460
10494275656
10366983421
10942473608
10246475887
10749568064
10474957118
10741272010
10468571780
10684781802
10591467720
10244571325
50535716608
50581125180
50122517677
50802931306
50535716390
50662919985
50870726167
50650116717
50744118436
50142725409
50470024288
50744118549
50270919341
50455518523
50924119188
50252823867
50767823251
50259019320
50373717663
50514022126
50784820177
50381523245
50313121959
50411720859
50459219935
10453360993
10947278045
10551364835
10334868612
10242762161
10713163201
10168258368
10199880273
10353168082
10768161858
10607873113
10212870083
10365563939
10652065212
10280278442
10151283565
10528368766
10663876493
10142456588
10510171569
10920372683
10653873797
10285179781
10698475993
10445375328
10802770771
10730352290
10422074822
10548160976
10667473243
10874266807
10688962516
10415577033
10837568944
10213767379
10831074196
10492079270
10835577271
10793162054
10161772692
10381660093
10471884284
10229669390
10518270344
10880764841
10809779771
10509472171
10330561524
10542671282
10690761104
10715573280
10546078127
10158156819
10604873168
50620717830
50273723401
10383760703
10467674402
10431671791
50345235394
3050028210
50883522089
50257025740
10603766606
10943348213
10529584399
10958483758
10543459907
10521779346
10869559289
10602673608
10950765228
10250565495
10630966843
10213764911
10752867677
10228380824
10577384940
10764982681
10117977406
10848464733
10728459056
10458864523
10723157586
10235963231
10672669259
10723059156
10853870672
10746866815
10964568880
10441768713
10989763742
10135773276
10109461642
10676773441
50547722924
50576723439
50601028746
50729819550
50948523303
50736317927
50948523704
50736317692
50354225571
50736421446
50717120202
50424627932
10977772773
50472225951
50871516300
50695424300
50315625300
50315625430
50285121952
50474819609
50383327817
10682072750
10278074256
10730276884
10564459933
10504878606
10594761534
10831975758
10350665885
10455074005
10842759043
10286170699
10471167568
10888057001
10373275159
10300564627
10287770512
10930858879
10887269715
10602372724
10143466735
10343871491
10974368550
10690761070
10414372366
10147564452
10522671482
10265461394
10214478846
10842467224
10935478492
10426270950
10174370879
10402175589
10959766925
10248673118
10932061493
10830979613
10454076020
10792088135
10991866121
10773374769
10967470011
10598167992
10168966034
10276970955
10228262334
10153577906
10367358984
10893761135
10195573879
10952255053
10380176565
10800273692
10972576713
10857264982
10387563767
10430761081
10789565841
10984519593
10655912065
10323582106
10941278366
10330262471
10897866816
10374273410
10786476871
10233365811
10493883597
10217566995
10123563451
10817774607
10581871747
10633066937
10932059270
10446469669
10269961818
10461673424
10695465477
10796562383
10511771633
10685169109
10579261395
10527459220
10435255399
10358766676
10730276018
10856658298
10208271276
10397776037
10678073767
10489678051
10592363820
10732175632
10556369388
10704475697
10799855934
10329263655
10832467910
10472874203
10336663377
10994872538
10971870043
10843969495
10503672464
10157672416
10911373542
10997767065
10280667387
10134473706
10934459752
10252280389
10251170167
10838874166
10819973951
10231766974
10737878631
10934866467
10455071264
10676565537
10680462186
10515562198
10929160530
10434666704
10270362052
10168570375
10498067395
10446672066
10755369004
10949374607
10889084402
10480174359
10572467182
10907072895
10907072522
10639867455
10302987788
10162477708
10656370246
10623977375
10118970230
10896885812
10245866017
10259872105
10489675522
10580371158
10576072322
10455277803
10525460018
10809869180
10303069108
10264674847
10579780070
10288575576
10478767759
10407070733
10440563353
10219876170
10322168596
10961761400
10650374973
10586965202
10334264807
10631468741
10246665298
50131423375
50977028251
50731522240
50984219717
50759027650
50421121781
50613223963
50227721909
50266729814
50629730844
50153228492
50104225227
50966621238
50259121211
50141622047
50335016679
50294321017
50468918210
10487356607
10966182645
10699682500
10268061840
10927177393
10902277329
10220763052
10639585625
10298559729
10669168426
10868276880
10153864647
10809556465
10718671962
10841871379
10412273891
10638572037
10726958068
10266974997
10593581506
10972469282
10608361639
10914861905
10415579775
10907761353
10135777604
10884361793
10829960838
10991667158
10161580066
10299956826
10357666403
10469571937
10307673776
10213957546
10213957657
10203672388
10543559573
10471072431
10987174096
10943169037
10152484276
10198860153
10976160627
10292880609
10421275729
10914977473
10259153380
10457158570
10800164616
10310477844
10800164072
10314868953
10346378925
10367359011
10733268106
10371976490
10558268886
10602159033
10432973079
10308273086
10190577051
10148852468
10454573980
10975073443
10157184964
10735654160
10658877981
10563372525
10893970839
10526568716
10320585636
10253161524
10519960923
10283466471
10256874875
10589275761
10151461839
10627964743
10373182319
10246180753
10661781125
10209872652
10984968185
10686858068
10861771688
10879382332
10346664357
10633677070
10295672801
10851371683
10734662992
10133566850
10838168910
10930770324
10826675742
10684778001
10883965185
10527849081
10116972950
10986065946
10326277572
10379968310
10643746393
10551576163
10452952532
10901074477
10811275109
10893551426
10156473924
10719472862
10526875690
10304559031
10618167754
10958876483
10546573968
10736974276
10336663253
10425681443
10524271516
10814067063
10404265393
10155073193
10284870246
10155073615
10882975299
10983678539
10599986718
10827566484
10735876776
10775476831
10546670806
10255763689
10733877950
10590468188
10964375210
10768163085
10503869773
10151367226
10327971835
10624884951
10570967057
10556860944
10647870923
10728983476
50935920273
50591419323
50304421605
50788723604
10291562743
50951514766
50159819697
50968426579
10105172128
50891427005
50816528331
50786321017
50615229567
50717518468
50493018294
50925427955
10366565954
50512725647
50556622675
10116174203
50833321653
10280163887
10927377085
10836364470
10985956629
10589458851
10311168921
10789075273
10376764335
10474958097
10291873881
10821564967
10508665026
10975351672
10926266708
10487769578
10716890390
10798372956
50891025950
50251122885
50648623327
50770125612
50126822342
10985182307
10739769497
50510524972
10456076789
10818072815
50366828360
50486522176
50708623971
10984472043
50594126652
50593222843
50136523925
10114674829
50964616604
50767527684
50533323573
50767527984
50922922259
10857673546
10812866082
10177888164
10881666639
10887581258
10234465129
10915269500
10125575440
10369361897
10614261138
10853287373
10412961800
10739771533
10504375581
10327767998
10439069136
10834468749
10754670076
10394572811
10779377915
10751468546
10977055155
10464371917
10751868599
10454667509
10419269620
10182375860
10533855289
10524368295
10365471100
10508666826
10888058988
10548558113
10864170605
10488961960
10932669069
10329266946
10597681568
10441272711
10122970806
10866369349
10203272198
10865979433
10510587583
10981064358
10338164442
10778867836
10929659108
10382373681
10763364867
10714978750
10512778027
10929263111
10550569766
10920173571
10480574923
50334722006
50281719172
50481721956
50208126548
50786215414
50183818742
50173621308
50707826672
50568923937
50931721711
50264418676
50838822375
50817719411
50123826017
10444965865
50189418710
50917723759
50765626352
10231963863
10379569857
10348573949
10988861538
10601377734
10984164921
10226372190
10289365700
10326571255
10493882317
10693978744
10341165756
10135977643
10198170995
10106978141
10612569816
10564460827
10319458105
10165561202
10355173838
30220411314
3098377866
30220411485
30434611048
3043939486
30311313994
10292765112
30152715754
30799510663
3079284270
3076278238
10109975539
3039495917
10949078157
10171654570
10211172217
10645360655
10541178687
50876330583
50894322114
50681616181
3030819234
10914364953
50354324798
50274921012
50691216977
50351521819
50524328926
50770526084
50803226349
50351421827
50947324657
50795821259
50103931383
50884324653
50734020889
50976525515
50627822719
50265927609
50904024671
50654017179
50127731207
50392026226
50935117899
50457518887
50690328600
50473930127
50813521393
50356320567
50871130651
50224822105
50224822050
50222322150
50914422344
50498125521
50576723419
50572022562
50127626625
50962018837
50233615048
50987823341
50403320878
50575817012
50367723746
50136626872
50384221067
50714517786
50986618635
50758320593
50999722428
50799126821
50416026923
50812725578
50194523976
50416026607
50200525359
50718431686
50465825447
50933725648
10678472567
10413464736
10635668628
10747874385
10945470227
10713755823
10652770288
10911069316
10435574687
10361466795
10126070458
10464262340
10379778590
10596366348
10833472401
10325356495
10267974084
10234564911
10193266561
10183460140
10915266218
10958576204
10913365457
10492967746
10717583923
10440877465
10606684292
10302173298
10183770779
10273860712
10231356927
10767470339
10481667095
10716569702
10942065621
10581974407
10702774374
10640073195
10928056426
10888373383
10880762721
10716764021
10873169984
10407278143
10391267660
10153764519
10144270033
10191578053
10509771600
10237266405
10809065362
10672666708
10725478000
10176763827
10560076001
10724558181
10295570380
10117975325
10727567347
10281557785
10696159701
10325577765
10889180080
10285178198
10459049304
10952182710
10568180213
10629976458
10203672172
10866664582
10273094903
10552884298
10613781988
10754790449
10984768767
10250872549
10970768778
10723158522
10738965629
10525858783
10103267697
10291262603
10872077015
10964068435
10505678421
10260677191
10577267955
10992574371
10987173541
10319566338
10442570545
10987278448
10115560298
10257371596
10917474326
10164368830
10514991215
10403364887
10421964331
10356048777
10682768325
10579570681
10854870209
10306574236
10369571197
10734868205
10390772706
10483394130
10852182173
10492273754
10315779483
10149569276
10579782602
10948271461
10379273435
10751468405
10528665231
10727073071
10880764171
10785164046
10213769025
10704983283
10133368786
10875271156
10364469757
10737176069
10573287784
10886963509
10654069222
50575818117
50113828521
50297222949
50716429190
50476426576
10827169943
50847521109
50956918911
50355922727
10174768598
50865924531
50701327919
50935219232
50873819390
50609225408
50988431921
50858321875
50777426640
50159515927
50984419335
50678322172
50540423272
50941826321
50653828337
50653828010
50822628746
50900625611
50590217227
50765832794
50463117918
50194620262
10997661509
10514068356
10139175971
10278168907
10842966387
10545180596
10406265556
10709465155
10361356173
10601867262
10310673679
10583671975
10838062945
10997569001
10251768922
10232274563
10715682522
10191268570
10266459010
10855473398
10306962523
10244453867
10363265259
10218466294
50126522806
50514627742
50936018715
50699122306
50910824598
50782417066
50913323790
50402627057
50402627465
50662533065
50268626906
50832921419
50644320850
50983623781
50845822299
50656914730
50922420081
50540817846
50167126217
50510118415
50547622665
50187228451
50819724460
50712427959
50584925623
50786215664
50183818582
50926328490
50199815135
50263619604
50730214569
50584025247
50393922023
50905526232
50344914386
50473117683
50574619041
10173980560
10239989366
10322366446
10129272592
10353872623
10342968511
10495468140
10381261142
10592269551
10573477032
10206864534
10974167206
10871067262
10542669924
10127074850
10779376570
10777075882
10288671320
10653768508
10186172143
10214272300
10696071202
10157375313
10204485751
10546968646
10530669351
10316857532
10946464901
10998367573
10711880170
10573475225
10257370738
10526067783
10131563501
10923471887
10686679050
10238657715
10137084361
10881463141
10540475645
10492273866
10983370705
10908561113
10966876806
10377062439
10727073539
10268964838
10783877239
10709769852
10473260511
10228984130
10943072158
10443178106
10867867659
10512975609
10463481759
10716470161
10139173753
10262474524
10726780294
10971769697
10737673002
10289280215
10717475009
10494786645
10335372170
10401364822
50588921089
10688574236
50102430696
50711726316
50805525255
10447485315
10643747706
10685568856
10579866311
10461381842
10121469940
10605668431
10171169076
10447485054
10322770043
10685568982
10382170508
10137661500
10376080851
10754458563
10372459154
10373074697
10631169638
10165476774
10692358302
10522972910
10791473154
10471768493
10571282487
10599059228
10225560751
10511966909
10857468071
10763976774
10499573842
10923267362
10354367177
10297864544
10573674811
10905362341
10477670484
10108466912
10604965720
10278364510
10372963908
10429559825
10412958303
10773966842
10150865560
10351467369
10426965084
10724976724
10174450054
10441970214
10203567259
10270462746
10314174401
10790082422
10753860398
10184568073
10813462584
10297371214
10865456229
10238967595
10247760633
10557462525
10157457203
10778667133
50228321094
50486521679
10839264273
10173976196
10248258298
10425774394
10791373591
10804367008
10375466685
10209763576
10596364810
10753259402
10339777303
10965956537
10680564368
10674669185
10915168866
10139859212
10587869597
10797775647
10326973930
10829868836
10597761989
10437470896
10265771590
10458666357
10445579604
10731360949
10748956775
10244169940
10213875680
10338476489
10103871485
10927673238
10349877630
10266974032
10745774018
10341071268
10183463536
10525464391
10860170890
10861171608
10986963469
10497367447
10280988168
10567492209
10526273466
10677266490
10894973663
10183689583
10183689200
10233662342
10311461591
10669475057
10572961072
10832381677
10886774514
10267081186
10616678441
10846179091
10697761007
10172563888
10927378454
10622971836
10472874933
10763867642
10334564495
10844470780
10179055535
10837468995
10516167792
10525061271
10203570907
10296887324
10875369942
10497367376
10963671751
10763867560
10526273578
10227671935
